9.975901246070861816e-01 5.046535134315490723e-01 3.134225606918334961e-01 1.820405274629592896e-01 1.231381520628929138e-01 1.145875528454780579e-01 1.713552474975585938e-01 1.728536337614059448e-01 1.924032568931579590e-01 1.581639349460601807e-01 1.716556847095489502e-01 1.850663274526596069e-01 1.724982708692550659e-01 1.864197105169296265e-01 1.003180369734764099e-01 1.016111969947814941e-01 2.693560421466827393e-01 2.896673679351806641e-01 5.414845943450927734e-01 4.496847093105316162e-01 6.280546188354492188e-01 2.845829427242279053e-01 3.098676502704620361e-01 1.157831624150276184e-01 1.328652203083038330e-01 1.004213616251945496e-01 6.740757822990417480e-02 1.336477547883987427e-01 1.841482371091842651e-01 1.403706669807434082e-01 1.528823375701904297e-01 1.580874174833297729e-01 1.239667162299156189e-01 1.362678706645965576e-01 1.194481551647186279e-01 4.904553666710853577e-02 1.260742247104644775e-01 1.397320628166198730e-01 2.006148248910903931e-01 1.521452516317367554e-01 1.521452516317367554e-01 1.197964474558830261e-01 9.616165608167648315e-02 1.285673379898071289e-01 8.954671025276184082e-02 1.079921498894691467e-01 1.415173523128032684e-02 4.106790572404861450e-02 8.738256245851516724e-02 2.591856122016906738e-01 8.297728747129440308e-02 1.421592533588409424e-01 1.574470400810241699e-01 1.172980740666389465e-01 1.050116941332817078e-01 1.514313519001007080e-01
5.046535134315490723e-01 9.975900650024414062e-01 6.796584725379943848e-01 2.319839596748352051e-01 1.497332602739334106e-01 1.390903294086456299e-01 1.859202533960342407e-01 1.842381954193115234e-01 2.004473358392715454e-01 1.479391455650329590e-01 1.845795214176177979e-01 2.036466449499130249e-01 1.752006262540817261e-01 1.899779587984085083e-01 5.921605601906776428e-02 1.352428942918777466e-01 4.021216928958892822e-01 2.604623436927795410e-01 4.482946395874023438e-01 2.707050442695617676e-01 3.635152280330657959e-01 2.254602611064910889e-01 2.779637277126312256e-01 1.460348665714263916e-01 1.111563965678215027e-01 1.028756573796272278e-01 7.491020858287811279e-02 1.203496903181076050e-01 1.509752720594406128e-01 1.510780751705169678e-01 1.198904514312744141e-01 1.211045756936073303e-01 1.087717041373252869e-01 1.318054199218750000e-01 1.345996707677841187e-01 5.858154222369194031e-02 1.348754912614822388e-01 1.781069040298461914e-01 2.088792473077774048e-01 1.490195989608764648e-01 1.399281471967697144e-01 7.824468612670898438e-02 8.445924520492553711e-02 9.507451951503753662e-02 9.566232562065124512e-02 6.784737855195999146e-02 8.946213126182556152e-02 0.000000000000000000e+00 6.710137426853179932e-02 3.461738526821136475e-01 1.122385933995246887e-01 9.753379970788955688e-02 1.590373367071151733e-01 1.528965681791305542e-01 1.304545104503631592e-01 1.506765037775039673e-01
3.134225606918334961e-01 6.796584725379943848e-01 9.975898265838623047e-01 6.251462101936340332e-01 1.975013166666030884e-01 1.093335747718811035e-01 1.021208465099334717e-01 1.056057065725326538e-01 1.442488878965377808e-01 8.686467260122299194e-02 8.343253284692764282e-02 1.035582274198532104e-01 1.118014827370643616e-01 1.132849305868148804e-01 1.348012238740921021e-01 1.544538289308547974e-01 1.915948688983917236e-01 1.785744726657867432e-01 2.817006111145019531e-01 3.241623044013977051e-01 2.606942951679229736e-01 1.984609514474868774e-01 1.988483071327209473e-01 1.106468886137008667e-01 1.185553520917892456e-01 1.544457226991653442e-01 1.191171109676361084e-01 1.035734787583351135e-01 1.069452986121177673e-01 1.316062957048416138e-01 6.746856123208999634e-02 1.000225991010665894e-01 9.033203125000000000e-02 1.091638952493667603e-01 8.342146128416061401e-02 7.621920108795166016e-02 7.813949137926101685e-02 5.694131925702095032e-02 1.317604184150695801e-01 1.136639118194580078e-01 5.756647512316703796e-02 6.633305549621582031e-02 6.002881377935409546e-02 8.650436997413635254e-02 4.742804914712905884e-02 0.000000000000000000e+00 5.624726787209510803e-02 6.098679825663566589e-02 6.980116665363311768e-02 2.328031659126281738e-01 2.943880558013916016e-01 1.555367410182952881e-01 1.210839077830314636e-01 8.703878521919250488e-02 8.228951692581176758e-02 4.839468374848365784e-02
1.820405274629592896e-01 2.319839596748352051e-01 6.251462101936340332e-01 9.975900650024414062e-01 6.416172385215759277e-01 1.712398976087570190e-01 2.406595051288604736e-01 2.151766866445541382e-01 2.310197353363037109e-01 1.823173165321350098e-01 2.160972803831100464e-01 2.311538606882095337e-01 2.035314440727233887e-01 2.126767486333847046e-01 2.855705618858337402e-01 3.041277825832366943e-01 2.656933069229125977e-01 1.383058279752731323e-01 1.905657947063446045e-01 1.481975764036178589e-01 1.525652259588241577e-01 1.238252744078636169e-01 1.166519671678543091e-01 4.408614709973335266e-02 8.851570636034011841e-02 1.027228757739067078e-01 8.743302524089813232e-02 1.374394595623016357e-01 1.831681281328201294e-01 1.808375120162963867e-01 1.357173770666122437e-01 1.584594845771789551e-01 9.899142384529113770e-02 1.931146234273910522e-01 1.411897093057632446e-01 8.236625790596008301e-02 1.359148621559143066e-01 1.717507988214492798e-01 2.596737146377563477e-01 2.018123120069503784e-01 1.875402033329010010e-01 1.256166994571685791e-01 1.149757206439971924e-01 1.108368858695030212e-01 8.612041175365447998e-02 6.123015657067298889e-03 8.454883098602294922e-02 0.000000000000000000e+00 0.000000000000000000e+00 2.578798830509185791e-01 2.918712198734283447e-01 2.328960746526718140e-01 1.917290538549423218e-01 1.328605115413665771e-01 1.656193137168884277e-01 1.598591655492782593e-01
1.231381520628929138e-01 1.497332602739334106e-01 1.975013166666030884e-01 6.416172385215759277e-01 9.975900650024414062e-01 6.287969350814819336e-01 3.763877451419830322e-01 2.859995663166046143e-01 2.916818559169769287e-01 2.534076273441314697e-01 2.897467911243438721e-01 3.132194876670837402e-01 2.722528278827667236e-01 2.815758585929870605e-01 2.346379458904266357e-01 3.303362429141998291e-01 2.261162698268890381e-01 1.008965596556663513e-01 1.204667612910270691e-01 9.087837487459182739e-02 1.428541839122772217e-01 1.371577233076095581e-01 1.085753515362739563e-01 8.502510190010070801e-02 1.022748202085494995e-01 8.721631020307540894e-02 1.085753515362739563e-01 1.682277768850326538e-01 2.042934894561767578e-01 2.201669365167617798e-01 1.977068781852722168e-01 1.789600700139999390e-01 1.470579952001571655e-01 2.430945634841918945e-01 2.171393036842346191e-01 1.181925609707832336e-01 1.812807917594909668e-01 2.228783220052719116e-01 3.151217997074127197e-01 2.398615479469299316e-01 2.118400782346725464e-01 1.354296207427978516e-01 1.317889094352722168e-01 1.392068415880203247e-01 9.232002496719360352e-02 1.087601929903030396e-01 2.697615884244441986e-02 6.241363286972045898e-02 0.000000000000000000e+00 1.753677576780319214e-01 2.348363846540451050e-01 3.115895390510559082e-01 3.449311256408691406e-01 2.407763749361038208e-01 1.902745366096496582e-01 1.967993080615997314e-01
1.145875528454780579e-01 1.390903294086456299e-01 1.093335747718811035e-01 1.712398976087570190e-01 6.287969350814819336e-01 9.975900650024414062e-01 7.257463932037353516e-01 4.448331296443939209e-01 4.100466668605804443e-01 3.389330506324768066e-01 3.847656250000000000e-01 4.552064538002014160e-01 4.017137885093688965e-01 4.621200859546661377e-01 3.039209544658660889e-01 2.304889261722564697e-01 1.792384684085845947e-01 8.792588114738464355e-02 1.361396461725234985e-01 1.220270916819572449e-01 1.425770819187164307e-01 1.796755641698837280e-01 1.169606894254684448e-01 1.237845942378044128e-01 1.336546689271926880e-01 9.208439290523529053e-02 1.290769875049591064e-01 1.910023987293243408e-01 2.249845564365386963e-01 2.269257903099060059e-01 2.450872808694839478e-01 2.315374910831451416e-01 1.907843053340911865e-01 2.717864215373992920e-01 2.496620565652847290e-01 1.415971368551254272e-01 2.646614015102386475e-01 3.098592758178710938e-01 4.197086095809936523e-01 2.859729826450347900e-01 2.728240489959716797e-01 1.911547780036926270e-01 1.359791010618209839e-01 1.611559242010116577e-01 6.986432522535324097e-02 6.742127984762191772e-02 2.891907282173633575e-02 0.000000000000000000e+00 4.444499313831329346e-02 1.265001893043518066e-01 1.578893512487411499e-01 2.258465737104415894e-01 4.148013889789581299e-01 3.227084875106811523e-01 3.095391094684600830e-01 2.999596297740936279e-01
1.713552474975585938e-01 1.859202533960342407e-01 1.021208465099334717e-01 2.406595051288604736e-01 3.763877451419830322e-01 7.257463932037353516e-01 9.975901842117309570e-01 8.015666007995605469e-01 6.645088195800781250e-01 5.430134534835815430e-01 6.229731440544128418e-01 6.986786723136901855e-01 6.065702438354492188e-01 6.958134770393371582e-01 4.241581261157989502e-01 3.795754015445709229e-01 2.647640705108642578e-01 1.236480101943016052e-01 2.091236561536788940e-01 1.629058420658111572e-01 2.092223912477493286e-01 2.301620841026306152e-01 1.792195141315460205e-01 1.747199296951293945e-01 2.206197977066040039e-01 1.517078131437301636e-01 1.950863897800445557e-01 3.091674447059631348e-01 3.802956342697143555e-01 3.661551773548126221e-01 3.815946877002716064e-01 3.722773194313049316e-01 3.363797962665557861e-01 4.991223812103271484e-01 4.456436634063720703e-01 3.025053143501281738e-01 4.675736725330352783e-01 5.207718014717102051e-01 6.891508698463439941e-01 5.382071733474731445e-01 5.126667022705078125e-01 3.579384684562683105e-01 2.674161195755004883e-01 2.014750391244888306e-01 8.877559006214141846e-02 1.009931042790412903e-01 0.000000000000000000e+00 4.806533083319664001e-02 7.063896209001541138e-02 1.854508072137832642e-01 1.798501312732696533e-01 2.292116433382034302e-01 4.499203860759735107e-01 4.253713786602020264e-01 5.082738995552062988e-01 5.141254067420959473e-01
1.728536337614059448e-01 1.842381954193115234e-01 1.056057065725326538e-01 2.151766866445541382e-01 2.859995663166046143e-01 4.448331296443939209e-01 8.015666007995605469e-01 9.975902438163757324e-01 8.248570561408996582e-01 6.169182658195495605e-01 6.476892232894897461e-01 7.074416279792785645e-01 6.290361285209655762e-01 6.756415963172912598e-01 3.483835458755493164e-01 3.109937608242034912e-01 2.376353740692138672e-01 1.402863562107086182e-01 2.031387984752655029e-01 1.320541203022003174e-01 1.930877566337585449e-01 1.931368410587310791e-01 1.706370115280151367e-01 1.066629141569137573e-01 1.855616569519042969e-01 1.194321885704994202e-01 1.562826186418533325e-01 2.792676389217376709e-01 3.431054055690765381e-01 3.164088726043701172e-01 3.257678747177124023e-01 3.402291238307952881e-01 3.152544796466827393e-01 4.548613727092742920e-01 4.407734870910644531e-01 2.766440808773040771e-01 4.770469069480895996e-01 5.246564149856567383e-01 6.978701353073120117e-01 5.553936958312988281e-01 5.330647826194763184e-01 3.787814974784851074e-01 2.752338945865631104e-01 2.007606476545333862e-01 7.339664548635482788e-02 4.650926962494850159e-02 0.000000000000000000e+00 0.000000000000000000e+00 2.479079365730285645e-02 1.473115086555480957e-01 1.196445971727371216e-01 1.915788501501083374e-01 3.796420395374298096e-01 4.277198910713195801e-01 5.977668166160583496e-01 5.663390755653381348e-01
1.924032568931579590e-01 2.004473358392715454e-01 1.442488878965377808e-01 2.310197353363037109e-01 2.916818559169769287e-01 4.100466668605804443e-01 6.645088195800781250e-01 8.248570561408996582e-01 9.975901842117309570e-01 6.489214897155761719e-01 6.733710765838623047e-01 7.399265766143798828e-01 6.368070244789123535e-01 6.645950675010681152e-01 3.208948671817779541e-01 2.928328216075897217e-01 2.337103039026260376e-01 1.223653629422187805e-01 2.218701094388961792e-01 1.628943085670471191e-01 2.104880213737487793e-01 2.063090801239013672e-01 1.852271258831024170e-01 1.307057887315750122e-01 2.025527209043502808e-01 1.424087136983871460e-01 1.703781485557556152e-01 2.802541851997375488e-01 3.563417792320251465e-01 3.269844353199005127e-01 3.366017639636993408e-01 3.545415401458740234e-01 3.136895298957824707e-01 4.539876878261566162e-01 4.540665745735168457e-01 2.863167822360992432e-01 4.831559062004089355e-01 5.266137719154357910e-01 7.273930311203002930e-01 5.812925100326538086e-01 5.514214038848876953e-01 4.172674715518951416e-01 2.735799252986907959e-01 2.023208588361740112e-01 7.197388261556625366e-02 7.995782792568206787e-02 3.657956793904304504e-02 5.399317666888237000e-02 0.000000000000000000e+00 1.804783940315246582e-01 1.658935099840164185e-01 1.969328224658966064e-01 3.958567678928375244e-01 4.222045540809631348e-01 6.213029026985168457e-01 6.578309535980224609e-01
1.581639349460601807e-01 1.479391455650329590e-01 8.686467260122299194e-02 1.823173165321350098e-01 2.534076273441314697e-01 3.389330506324768066e-01 5.430134534835815430e-01 6.169182658195495605e-01 6.489214897155761719e-01 9.975900650024414062e-01 9.010753631591796875e-01 7.203332781791687012e-01 6.382129788398742676e-01 5.742927789688110352e-01 2.612584233283996582e-01 2.627128958702087402e-01 1.969700455665588379e-01 1.358506083488464355e-01 1.855963319540023804e-01 1.411719769239425659e-01 1.834999024868011475e-01 2.262042909860610962e-01 1.537630558013916016e-01 1.408824622631072998e-01 1.989173889160156250e-01 1.440435945987701416e-01 2.078313678503036499e-01 3.085035383701324463e-01 3.517016768455505371e-01 3.520839512348175049e-01 3.310938477516174316e-01 3.354605138301849365e-01 3.113739788532257080e-01 3.882927596569061279e-01 3.407787680625915527e-01 2.681401073932647705e-01 3.869435489177703857e-01 4.185951650142669678e-01 5.831731557846069336e-01 4.661689996719360352e-01 4.024726748466491699e-01 2.581846714019775391e-01 2.132667303085327148e-01 1.528519243001937866e-01 8.608371764421463013e-02 9.462615102529525757e-02 5.452486127614974976e-02 7.470703125000000000e-02 7.531807571649551392e-02 1.373555213212966919e-01 1.481911540031433105e-01 2.139569073915481567e-01 3.481886088848114014e-01 3.311169743537902832e-01 4.307135939598083496e-01 4.499817788600921631e-01
1.716556847095489502e-01 1.845795214176177979e-01 8.343253284692764282e-02 2.160972803831100464e-01 2.897467911243438721e-01 3.847656250000000000e-01 6.229731440544128418e-01 6.476892232894897461e-01 6.733710765838623047e-01 9.010753631591796875e-01 9.975901246070861816e-01 8.031784892082214355e-01 7.006311416625976562e-01 6.618604063987731934e-01 3.006885945796966553e-01 3.016943931579589844e-01 2.396503537893295288e-01 1.420650929212570190e-01 2.007303684949874878e-01 1.610019952058792114e-01 2.094097584486007690e-01 2.250530272722244263e-01 1.841998547315597534e-01 1.501953005790710449e-01 2.141736745834350586e-01 1.335799545049667358e-01 2.076570689678192139e-01 3.271675705909729004e-01 3.818650543689727783e-01 3.705093562602996826e-01 3.652395009994506836e-01 3.710359334945678711e-01 3.468672037124633789e-01 4.469248652458190918e-01 4.206462204456329346e-01 3.068281412124633789e-01 4.710201025009155273e-01 5.214410424232482910e-01 6.429610848426818848e-01 5.130814909934997559e-01 4.781551361083984375e-01 3.297663927078247070e-01 2.629595100879669189e-01 1.906027048826217651e-01 9.079143404960632324e-02 6.130263581871986389e-02 0.000000000000000000e+00 6.958778947591781616e-02 9.869533777236938477e-02 1.482289433479309082e-01 1.498349308967590332e-01 2.096418887376785278e-01 3.864108324050903320e-01 3.685558736324310303e-01 4.714310467243194580e-01 5.025356411933898926e-01
1.850663274526596069e-01 2.036466449499130249e-01 1.035582274198532104e-01 2.311538606882095337e-01 3.132194876670837402e-01 4.552064538002014160e-01 6.986786723136901855e-01 7.074416279792785645e-01 7.399265766143798828e-01 7.203332781791687012e-01 8.031784892082214355e-01 9.975902438163757324e-01 8.339681029319763184e-01 7.694674730300903320e-01 3.867682218551635742e-01 3.454972803592681885e-01 2.584740221500396729e-01 1.603448241949081421e-01 2.384755313396453857e-01 1.760776937007904053e-01 2.252353131771087646e-01 2.435898333787918091e-01 1.911323368549346924e-01 1.758922636508941650e-01 2.285456210374832153e-01 1.658133715391159058e-01 1.998894512653350830e-01 3.345818817615509033e-01 4.070173501968383789e-01 3.780134320259094238e-01 3.907606899738311768e-01 3.986750543117523193e-01 3.796886801719665527e-01 4.861134886741638184e-01 4.645940959453582764e-01 3.338857591152191162e-01 5.088573694229125977e-01 5.680835247039794922e-01 7.200664281845092773e-01 5.832623839378356934e-01 5.313951969146728516e-01 3.938302397727966309e-01 2.818522751331329346e-01 2.009929865598678589e-01 1.066629141569137573e-01 9.597148746252059937e-02 6.305448710918426514e-02 3.023009188473224640e-02 6.819131970405578613e-02 1.805449277162551880e-01 1.548109501600265503e-01 2.199895381927490234e-01 3.984073698520660400e-01 3.902328908443450928e-01 5.130618810653686523e-01 5.495067238807678223e-01
1.724982708692550659e-01 1.752006262540817261e-01 1.118014827370643616e-01 2.035314440727233887e-01 2.722528278827667236e-01 4.017137885093688965e-01 6.065702438354492188e-01 6.290361285209655762e-01 6.368070244789123535e-01 6.382129788398742676e-01 7.006311416625976562e-01 8.339681029319763184e-01 9.975901246070861816e-01 7.630593180656433105e-01 4.054642319679260254e-01 3.114255666732788086e-01 2.202424556016921997e-01 1.363046169281005859e-01 1.993374973535537720e-01 1.418522149324417114e-01 1.961365640163421631e-01 1.977826952934265137e-01 1.744867712259292603e-01 1.258904188871383667e-01 1.873292177915573120e-01 1.453106403350830078e-01 1.812824308872222900e-01 2.894994020462036133e-01 3.565660119056701660e-01 3.384186327457427979e-01 3.319286406040191650e-01 3.418731689453125000e-01 3.363755643367767334e-01 4.229182898998260498e-01 3.847247958183288574e-01 2.744822502136230469e-01 4.431234300136566162e-01 4.876278638839721680e-01 6.239359974861145020e-01 4.896177947521209717e-01 4.419756531715393066e-01 3.040348887443542480e-01 2.251883298158645630e-01 1.736883372068405151e-01 9.979888051748275757e-02 6.166327372193336487e-02 2.691754139959812164e-02 3.492832556366920471e-02 9.796855598688125610e-02 1.523390561342239380e-01 1.477877795696258545e-01 1.889394521713256836e-01 3.631278872489929199e-01 3.362708091735839844e-01 4.644652605056762695e-01 4.931914508342742920e-01
1.864197105169296265e-01 1.899779587984085083e-01 1.132849305868148804e-01 2.126767486333847046e-01 2.815758585929870605e-01 4.621200859546661377e-01 6.958134770393371582e-01 6.756415963172912598e-01 6.645950675010681152e-01 5.742927789688110352e-01 6.618604063987731934e-01 7.694674730300903320e-01 7.630593180656433105e-01 9.975901842117309570e-01 5.931729674339294434e-01 4.655299484729766846e-01 2.803963422775268555e-01 1.387829333543777466e-01 2.101920396089553833e-01 1.647562235593795776e-01 2.070834934711456299e-01 2.035598456859588623e-01 1.603680551052093506e-01 1.438966095447540283e-01 1.972583681344985962e-01 1.443199515342712402e-01 1.928958147764205933e-01 3.022741079330444336e-01 3.687376976013183594e-01 3.521844148635864258e-01 3.444598317146301270e-01 3.539828658103942871e-01 3.528414964675903320e-01 4.557601213455200195e-01 4.242361783981323242e-01 3.111036717891693115e-01 4.877863228321075439e-01 5.251649618148803711e-01 6.724728345870971680e-01 5.333719849586486816e-01 4.888417720794677734e-01 3.459886908531188965e-01 2.635484337806701660e-01 1.881182342767715454e-01 7.811927795410156250e-02 0.000000000000000000e+00 5.960532277822494507e-02 6.925035268068313599e-02 6.973282247781753540e-02 1.568570733070373535e-01 1.241103932261466980e-01 2.038664817810058594e-01 3.763674497604370117e-01 3.605372607707977295e-01 4.984157085418701172e-01 5.255119204521179199e-01
1.003180369734764099e-01 5.921605601906776428e-02 1.348012238740921021e-01 2.855705618858337402e-01 2.346379458904266357e-01 3.039209544658660889e-01 4.241581261157989502e-01 3.483835458755493164e-01 3.208948671817779541e-01 2.612584233283996582e-01 3.006885945796966553e-01 3.867682218551635742e-01 4.054642319679260254e-01 5.931729674339294434e-01 9.975901842117309570e-01 6.216796636581420898e-01 3.341512084007263184e-01 1.493550091981887817e-01 8.579763025045394897e-02 9.181343019008636475e-02 1.276397854089736938e-01 9.439279884099960327e-02 7.525117695331573486e-02 6.304975599050521851e-02 1.242591813206672668e-01 9.840472787618637085e-02 7.826068252325057983e-02 1.191881448030471802e-01 1.754309684038162231e-01 1.652866303920745850e-01 1.348662078380584717e-01 1.455567479133605957e-01 1.413814574480056763e-01 2.115934491157531738e-01 1.852851957082748413e-01 1.612077057361602783e-01 2.405436933040618896e-01 2.623340785503387451e-01 3.446411490440368652e-01 2.548457384109497070e-01 2.096070647239685059e-01 1.056057065725326538e-01 1.374598443508148193e-01 9.173452109098434448e-02 0.000000000000000000e+00 3.647513315081596375e-02 1.343660894781351089e-02 0.000000000000000000e+00 0.000000000000000000e+00 9.706762433052062988e-02 4.971964284777641296e-02 8.899921923875808716e-02 1.423103213310241699e-01 1.402640491724014282e-01 2.146319597959518433e-01 2.311538606882095337e-01
1.016111969947814941e-01 1.352428942918777466e-01 1.544538289308547974e-01 3.041277825832366943e-01 3.303362429141998291e-01 2.304889261722564697e-01 3.795754015445709229e-01 3.109937608242034912e-01 2.928328216075897217e-01 2.627128958702087402e-01 3.016943931579589844e-01 3.454972803592681885e-01 3.114255666732788086e-01 4.655299484729766846e-01 6.216796636581420898e-01 9.975901246070861816e-01 4.492393732070922852e-01 2.727906405925750732e-01 1.398122459650039673e-01 9.424587339162826538e-02 1.232068687677383423e-01 1.061933115124702454e-01 6.703072041273117065e-02 7.176696509122848511e-02 1.076657399535179138e-01 5.889965221285820007e-02 9.748214483261108398e-02 1.523269265890121460e-01 2.169704288244247437e-01 2.118974626064300537e-01 1.845612674951553345e-01 1.980604976415634155e-01 1.829297691583633423e-01 2.393337786197662354e-01 2.119331806898117065e-01 1.607633978128433228e-01 2.311316877603530884e-01 2.648824453353881836e-01 3.498419225215911865e-01 2.892668843269348145e-01 2.243880778551101685e-01 1.207341402769088745e-01 1.616679280996322632e-01 1.058940067887306213e-01 5.139435455203056335e-02 5.892090126872062683e-02 3.934756293892860413e-02 0.000000000000000000e+00 0.000000000000000000e+00 1.170946359634399414e-01 1.319405585527420044e-01 1.529655456542968750e-01 1.542387306690216064e-01 1.530711054801940918e-01 2.219232916831970215e-01 2.321977615356445312e-01
2.693560421466827393e-01 4.021216928958892822e-01 1.915948688983917236e-01 2.656933069229125977e-01 2.261162698268890381e-01 1.792384684085845947e-01 2.647640705108642578e-01 2.376353740692138672e-01 2.337103039026260376e-01 1.969700455665588379e-01 2.396503537893295288e-01 2.584740221500396729e-01 2.202424556016921997e-01 2.803963422775268555e-01 3.341512084007263184e-01 4.492393732070922852e-01 9.975899457931518555e-01 5.904530882835388184e-01 3.779204487800598145e-01 2.023977339267730713e-01 2.046881467103958130e-01 1.528437286615371704e-01 1.658953130245208740e-01 0.000000000000000000e+00 1.056412607431411743e-01 4.009038954973220825e-02 5.796682089567184448e-02 1.403730064630508423e-01 1.852618753910064697e-01 1.819037646055221558e-01 1.707761436700820923e-01 1.709676533937454224e-01 1.443888992071151733e-01 1.911435574293136597e-01 1.666983515024185181e-01 1.158400326967239380e-01 1.741013675928115845e-01 2.105154842138290405e-01 2.693615853786468506e-01 2.193133085966110229e-01 1.612596362829208374e-01 1.074349135160446167e-01 9.584999829530715942e-02 0.000000000000000000e+00 4.012976959347724915e-02 2.089649811387062073e-02 0.000000000000000000e+00 5.503408238291740417e-02 0.000000000000000000e+00 1.069246754050254822e-01 7.966507226228713989e-02 9.820918738842010498e-02 1.565048098564147949e-01 1.160482317209243774e-01 1.571611613035202026e-01 1.617733389139175415e-01
2.896673679351806641e-01 2.604623436927795410e-01 1.785744726657867432e-01 1.383058279752731323e-01 1.008965596556663513e-01 8.792588114738464355e-02 1.236480101943016052e-01 1.402863562107086182e-01 1.223653629422187805e-01 1.358506083488464355e-01 1.420650929212570190e-01 1.603448241949081421e-01 1.363046169281005859e-01 1.387829333543777466e-01 1.493550091981887817e-01 2.727906405925750732e-01 5.904530882835388184e-01 9.975900053977966309e-01 5.712883472442626953e-01 3.143019080162048340e-01 3.015985786914825439e-01 1.603100597858428955e-01 1.403152495622634888e-01 9.830533713102340698e-02 1.152972057461738586e-01 2.601344287395477295e-01 7.286483049392700195e-02 5.338479578495025635e-02 7.136928290128707886e-02 1.380960047245025635e-01 1.120788976550102234e-01 9.339615702629089355e-02 6.509999930858612061e-02 5.655584856867790222e-02 9.487211704254150391e-02 3.563115140423178673e-03 8.990144729614257812e-02 1.161024048924446106e-01 1.454092562198638916e-01 8.862607181072235107e-02 5.488985031843185425e-02 7.096517831087112427e-02 4.204538092017173767e-02 5.291998013854026794e-02 4.025655984878540039e-02 7.740836590528488159e-02 4.950880631804466248e-02 0.000000000000000000e+00 0.000000000000000000e+00 8.560602366924285889e-02 4.973223060369491577e-02 3.679564595222473145e-02 9.791073948144912720e-02 1.009184122085571289e-01 1.234504505991935730e-01 9.764648228883743286e-02
5.414845943450927734e-01 4.482946395874023438e-01 2.817006111145019531e-01 1.905657947063446045e-01 1.204667612910270691e-01 1.361396461725234985e-01 2.091236561536788940e-01 2.031387984752655029e-01 2.218701094388961792e-01 1.855963319540023804e-01 2.007303684949874878e-01 2.384755313396453857e-01 1.993374973535537720e-01 2.101920396089553833e-01 8.579763025045394897e-02 1.398122459650039673e-01 3.779204487800598145e-01 5.712883472442626953e-01 9.975900650024414062e-01 6.233323216438293457e-01 5.699165463447570801e-01 3.385143280029296875e-01 3.573981821537017822e-01 1.483736336231231689e-01 1.493029147386550903e-01 1.440934389829635620e-01 8.866170793771743774e-02 1.217777281999588013e-01 1.623654514551162720e-01 1.693730801343917847e-01 1.519594490528106689e-01 1.504783928394317627e-01 1.020221561193466187e-01 1.510224342346191406e-01 1.220834925770759583e-01 5.095408484339714050e-02 1.373986899852752686e-01 1.485013365745544434e-01 2.435529977083206177e-01 1.774245649576187134e-01 1.736775338649749756e-01 1.258904188871383667e-01 8.683928102254867554e-02 8.729589730501174927e-02 1.002018079161643982e-01 6.306488066911697388e-02 5.232930928468704224e-02 6.801014393568038940e-02 0.000000000000000000e+00 2.192153036594390869e-01 6.364442408084869385e-02 1.013695299625396729e-01 1.800945550203323364e-01 1.288125813007354736e-01 1.348637789487838745e-01 1.787742972373962402e-01
4.496847093105316162e-01 2.707050442695617676e-01 3.241623044013977051e-01 1.481975764036178589e-01 9.087837487459182739e-02 1.220270916819572449e-01 1.629058420658111572e-01 1.320541203022003174e-01 1.628943085670471191e-01 1.411719769239425659e-01 1.610019952058792114e-01 1.760776937007904053e-01 1.418522149324417114e-01 1.647562235593795776e-01 9.181343019008636475e-02 9.424587339162826538e-02 2.023977339267730713e-01 3.143019080162048340e-01 6.233323216438293457e-01 9.975902438163757324e-01 7.197880148887634277e-01 4.697249233722686768e-01 4.300419688224792480e-01 2.308750748634338379e-01 2.466277182102203369e-01 3.448264002799987793e-01 1.184680908918380737e-01 1.445269137620925903e-01 1.677901595830917358e-01 1.494278311729431152e-01 1.115597113966941833e-01 1.292873919010162354e-01 1.398167163133621216e-01 1.251201033592224121e-01 1.012236028909683228e-01 4.338977113366127014e-02 1.148338466882705688e-01 1.283337026834487915e-01 1.856591105461120605e-01 1.487732082605361938e-01 1.358620077371597290e-01 9.654056280851364136e-02 1.018710210919380188e-01 1.149485036730766296e-01 1.178020909428596497e-01 8.397940546274185181e-02 7.190345227718353271e-02 6.270708143711090088e-02 3.682155534625053406e-02 2.365470677614212036e-01 8.373489230871200562e-02 9.018179029226303101e-02 1.422447562217712402e-01 1.011582165956497192e-01 1.105161830782890320e-01 1.138708591461181641e-01
6.280546188354492188e-01 3.635152280330657959e-01 2.606942951679229736e-01 1.525652259588241577e-01 1.428541839122772217e-01 1.425770819187164307e-01 2.092223912477493286e-01 1.930877566337585449e-01 2.104880213737487793e-01 1.834999024868011475e-01 2.094097584486007690e-01 2.252353131771087646e-01 1.961365640163421631e-01 2.070834934711456299e-01 1.276397854089736938e-01 1.232068687677383423e-01 2.046881467103958130e-01 3.015985786914825439e-01 5.699165463447570801e-01 7.197880148887634277e-01 9.975901246070861816e-01 5.963919758796691895e-01 5.654075741767883301e-01 1.953118890523910522e-01 2.252781689167022705e-01 2.642365097999572754e-01 1.537892222404479980e-01 1.731566488742828369e-01 1.924924552440643311e-01 1.629400402307510376e-01 1.553290933370590210e-01 1.456807851791381836e-01 1.291300803422927856e-01 1.523554921150207520e-01 1.134040430188179016e-01 9.301052987575531006e-02 1.355147659778594971e-01 1.605686396360397339e-01 2.463478147983551025e-01 1.707761436700820923e-01 1.711498945951461792e-01 1.245911568403244019e-01 8.979630470275878906e-02 1.279040575027465820e-01 1.080007031559944153e-01 7.790037244558334351e-02 9.088854491710662842e-02 5.443733930587768555e-02 1.295556593686342239e-02 2.761799097061157227e-01 9.122107923030853271e-02 1.114469170570373535e-01 1.855500936508178711e-01 1.550752371549606323e-01 1.457938700914382935e-01 1.563859283924102783e-01
2.845829427242279053e-01 2.254602611064910889e-01 1.984609514474868774e-01 1.238252744078636169e-01 1.371577233076095581e-01 1.796755641698837280e-01 2.301620841026306152e-01 1.931368410587310791e-01 2.063090801239013672e-01 2.262042909860610962e-01 2.250530272722244263e-01 2.435898333787918091e-01 1.977826952934265137e-01 2.035598456859588623e-01 9.439279884099960327e-02 1.061933115124702454e-01 1.528437286615371704e-01 1.603100597858428955e-01 3.385143280029296875e-01 4.697249233722686768e-01 5.963919758796691895e-01 9.975901246070861816e-01 7.257016301155090332e-01 3.445728123188018799e-01 3.285789191722869873e-01 3.368587791919708252e-01 1.652622818946838379e-01 1.636090129613876343e-01 1.684315502643585205e-01 1.610329002141952515e-01 1.541016697883605957e-01 1.366771161556243896e-01 1.276545077562332153e-01 1.653745919466018677e-01 1.291155368089675903e-01 9.406830370426177979e-02 1.411852836608886719e-01 1.575651168823242188e-01 2.446711808443069458e-01 1.588404476642608643e-01 1.536519527435302734e-01 1.159130707383155823e-01 9.007333219051361084e-02 7.552355527877807617e-02 5.237200483679771423e-02 4.929706454277038574e-02 4.453007131814956665e-02 9.357117116451263428e-02 0.000000000000000000e+00 1.972722709178924561e-01 8.600302040576934814e-02 9.192340075969696045e-02 1.974100023508071899e-01 1.594537347555160522e-01 1.514291912317276001e-01 1.596246659755706787e-01
3.098676502704620361e-01 2.779637277126312256e-01 1.988483071327209473e-01 1.166519671678543091e-01 1.085753515362739563e-01 1.169606894254684448e-01 1.792195141315460205e-01 1.706370115280151367e-01 1.852271258831024170e-01 1.537630558013916016e-01 1.841998547315597534e-01 1.911323368549346924e-01 1.744867712259292603e-01 1.603680551052093506e-01 7.525117695331573486e-02 6.703072041273117065e-02 1.658953130245208740e-01 1.403152495622634888e-01 3.573981821537017822e-01 4.300419688224792480e-01 5.654075741767883301e-01 7.257016301155090332e-01 9.975900053977966309e-01 5.622719526290893555e-01 2.685216069221496582e-01 3.241132199764251709e-01 2.706179618835449219e-01 1.742640882730484009e-01 1.569598317146301270e-01 1.454754471778869629e-01 1.597642451524734497e-01 1.240851804614067078e-01 1.263790428638458252e-01 1.266435831785202026e-01 1.032876446843147278e-01 0.000000000000000000e+00 1.337364763021469116e-01 1.348359286785125732e-01 1.876661777496337891e-01 1.123336106538772583e-01 1.336196660995483398e-01 8.609860390424728394e-02 9.784314036369323730e-02 9.309539943933486938e-02 1.117142811417579651e-01 7.221529632806777954e-02 4.218832030892372131e-02 7.584526389837265015e-02 0.000000000000000000e+00 2.102758139371871948e-01 8.167735487222671509e-02 1.000005453824996948e-01 1.436951607465744019e-01 1.222883760929107666e-01 1.067129150032997131e-01 1.170625686645507812e-01
1.157831624150276184e-01 1.460348665714263916e-01 1.106468886137008667e-01 4.408614709973335266e-02 8.502510190010070801e-02 1.237845942378044128e-01 1.747199296951293945e-01 1.066629141569137573e-01 1.307057887315750122e-01 1.408824622631072998e-01 1.501953005790710449e-01 1.758922636508941650e-01 1.258904188871383667e-01 1.438966095447540283e-01 6.304975599050521851e-02 7.176696509122848511e-02 0.000000000000000000e+00 9.830533713102340698e-02 1.483736336231231689e-01 2.308750748634338379e-01 1.953118890523910522e-01 3.445728123188018799e-01 5.622719526290893555e-01 9.975899457931518555e-01 7.303370237350463867e-01 3.997066617012023926e-01 3.940341174602508545e-01 3.816338181495666504e-01 2.398652732372283936e-01 1.497768461704254150e-01 1.482814103364944458e-01 1.335964649915695190e-01 1.264902949333190918e-01 1.066215559840202332e-01 1.065359860658645630e-01 0.000000000000000000e+00 1.070745214819908142e-01 8.876484632492065430e-02 1.856740415096282959e-01 1.469986140727996826e-01 1.118659675121307373e-01 9.876234829425811768e-02 7.721214741468429565e-02 7.825268805027008057e-02 4.785405471920967102e-02 5.564103648066520691e-02 1.450532302260398865e-02 0.000000000000000000e+00 0.000000000000000000e+00 1.028023362159729004e-01 3.868839517235755920e-02 7.879995554685592651e-02 9.105496108531951904e-02 9.964736551046371460e-02 1.115201637148857117e-01 9.788181632757186890e-02
1.328652203083038330e-01 1.111563965678215027e-01 1.185553520917892456e-01 8.851570636034011841e-02 1.022748202085494995e-01 1.336546689271926880e-01 2.206197977066040039e-01 1.855616569519042969e-01 2.025527209043502808e-01 1.989173889160156250e-01 2.141736745834350586e-01 2.285456210374832153e-01 1.873292177915573120e-01 1.972583681344985962e-01 1.242591813206672668e-01 1.076657399535179138e-01 1.056412607431411743e-01 1.152972057461738586e-01 1.493029147386550903e-01 2.466277182102203369e-01 2.252781689167022705e-01 3.285789191722869873e-01 2.685216069221496582e-01 7.303370237350463867e-01 9.975901842117309570e-01 6.505405902862548828e-01 5.153991580009460449e-01 5.485367774963378906e-01 3.881251513957977295e-01 2.045945078134536743e-01 1.830120235681533813e-01 1.711930632591247559e-01 1.413021683692932129e-01 1.865710467100143433e-01 1.506867855787277222e-01 8.319788426160812378e-02 1.401662826538085938e-01 1.730586886405944824e-01 2.571664154529571533e-01 2.271607518196105957e-01 1.400373727083206177e-01 1.426623314619064331e-01 7.112080603837966919e-02 7.975219190120697021e-02 6.986006349325180054e-02 5.838637053966522217e-02 7.732670009136199951e-02 4.110635071992874146e-02 4.261495545506477356e-02 9.360174834728240967e-02 6.364442408084869385e-02 7.397138327360153198e-02 1.251451075077056885e-01 9.798771888017654419e-02 1.520186662673950195e-01 1.536156833171844482e-01
1.004213616251945496e-01 1.028756573796272278e-01 1.544457226991653442e-01 1.027228757739067078e-01 8.721631020307540894e-02 9.208439290523529053e-02 1.517078131437301636e-01 1.194321885704994202e-01 1.424087136983871460e-01 1.440435945987701416e-01 1.335799545049667358e-01 1.658133715391159058e-01 1.453106403350830078e-01 1.443199515342712402e-01 9.840472787618637085e-02 5.889965221285820007e-02 4.009038954973220825e-02 2.601344287395477295e-01 1.440934389829635620e-01 3.448264002799987793e-01 2.642365097999572754e-01 3.368587791919708252e-01 3.241132199764251709e-01 3.997066617012023926e-01 6.505405902862548828e-01 9.975902438163757324e-01 6.556364297866821289e-01 4.398539364337921143e-01 3.444134593009948730e-01 2.905013859272003174e-01 1.941449195146560669e-01 1.592358499765396118e-01 1.485725641250610352e-01 1.366749256849288940e-01 1.143326461315155029e-01 8.292411267757415771e-02 1.156177967786788940e-01 1.375937610864639282e-01 1.733986288309097290e-01 1.642204672098159790e-01 1.241507306694984436e-01 7.398428022861480713e-02 7.789234071969985962e-02 7.137387245893478394e-02 5.418052151799201965e-02 5.008156970143318176e-02 5.206209421157836914e-02 0.000000000000000000e+00 5.374588444828987122e-02 6.928692013025283813e-02 3.278945758938789368e-02 0.000000000000000000e+00 8.428334444761276245e-02 6.776782870292663574e-02 9.857387840747833252e-02 9.557006508111953735e-02
6.740757822990417480e-02 7.491020858287811279e-02 1.191171109676361084e-01 8.743302524089813232e-02 1.085753515362739563e-01 1.290769875049591064e-01 1.950863897800445557e-01 1.562826186418533325e-01 1.703781485557556152e-01 2.078313678503036499e-01 2.076570689678192139e-01 1.998894512653350830e-01 1.812824308872222900e-01 1.928958147764205933e-01 7.826068252325057983e-02 9.748214483261108398e-02 5.796682089567184448e-02 7.286483049392700195e-02 8.866170793771743774e-02 1.184680908918380737e-01 1.537892222404479980e-01 1.652622818946838379e-01 2.706179618835449219e-01 3.940341174602508545e-01 5.153991580009460449e-01 6.556364297866821289e-01 9.975901246070861816e-01 7.923508286476135254e-01 4.200971424579620361e-01 3.570255041122436523e-01 3.004404008388519287e-01 2.819684743881225586e-01 1.912989467382431030e-01 2.110760509967803955e-01 1.445850580930709839e-01 9.078092873096466064e-02 1.388795375823974609e-01 1.736315339803695679e-01 2.300024926662445068e-01 1.876007467508316040e-01 1.618976294994354248e-01 9.122434258460998535e-02 1.047087237238883972e-01 8.193200826644897461e-02 6.148321926593780518e-02 0.000000000000000000e+00 1.550244912505149841e-02 0.000000000000000000e+00 5.416896939277648926e-02 9.375286102294921875e-02 8.049312978982925415e-02 6.993211805820465088e-02 1.146177202463150024e-01 1.109331026673316956e-01 1.244252845644950867e-01 1.431307643651962280e-01
1.336477547883987427e-01 1.203496903181076050e-01 1.035734787583351135e-01 1.374394595623016357e-01 1.682277768850326538e-01 1.910023987293243408e-01 3.091674447059631348e-01 2.792676389217376709e-01 2.802541851997375488e-01 3.085035383701324463e-01 3.271675705909729004e-01 3.345818817615509033e-01 2.894994020462036133e-01 3.022741079330444336e-01 1.191881448030471802e-01 1.523269265890121460e-01 1.403730064630508423e-01 5.338479578495025635e-02 1.217777281999588013e-01 1.445269137620925903e-01 1.731566488742828369e-01 1.636090129613876343e-01 1.742640882730484009e-01 3.816338181495666504e-01 5.485367774963378906e-01 4.398539364337921143e-01 7.923508286476135254e-01 9.975901842117309570e-01 7.659730911254882812e-01 4.914989769458770752e-01 4.172208905220031738e-01 4.580540657043457031e-01 3.301964700222015381e-01 3.409123718738555908e-01 2.266598194837570190e-01 1.693896204233169556e-01 2.153033763170242310e-01 2.688794136047363281e-01 3.580491840839385986e-01 3.334514200687408447e-01 2.709019482135772705e-01 1.801885217428207397e-01 1.920609474182128906e-01 1.441106051206588745e-01 1.065480113029479980e-01 0.000000000000000000e+00 5.109076574444770813e-02 7.028876245021820068e-02 5.753384903073310852e-02 9.552390128374099731e-02 1.087314188480377197e-01 1.594012081623077393e-01 2.246006131172180176e-01 1.743225604295730591e-01 2.111824899911880493e-01 2.351430356502532959e-01
